# Table format: 0D
10
10
1
-5.0
-5.0
0.0
0.121748772405
-2.71151071973
2.7416039036
-0.483113337845
1.0
20
-3.88888888889
-5.0
0.0
0.116192184427
-2.73342924257
2.7416039036
-0.430325752055
1.0
20
-2.77777777778
-5.0
0.0
0.11059190132
-2.75432002249
2.7416039036
-0.377123062542
1.0
20
-1.66666666667
-5.0
0.0
0.104950029122
-2.77417520332
2.7416039036
-0.323525276663
1.0
20
-0.555555555556
-5.0
0.0
0.0992686895108
-2.79298731834
2.7416039036
-0.269552550353
1.0
20
0.555555555556
-5.0
0.0
0.0992686895108
2.79198731834
2.7416039036
-0.269552550353
1.0
20
1.66666666667
-5.0
0.0
0.104950029122
2.77317520332
2.7416039036
-0.323525276663
1.0
20
2.77777777778
-5.0
0.0
0.11059190132
2.75332002249
2.7416039036
-0.377123062542
1.0
20
3.88888888889
-5.0
0.0
0.116192184427
2.73242924257
2.7416039036
-0.430325752055
1.0
20
5.0
-5.0
0.0
0.121748772405
2.71051071973
2.7416039036
-0.483113337845
1.0
20
-5.0
-3.88888888889
0.0
0.116155865542
-2.71615922123
2.75884954082
-0.429980722654
1.0
20
-3.88888888889
-3.88888888889
0.0
0.110590840708
-2.73704655784
2.75884954082
-0.37711298673
1.0
20
-2.77777777778
-3.88888888889
0.0
0.104984227182
-2.75690479121
2.75884954082
-0.323850158229
1.0
20
-1.66666666667
-3.88888888889
0.0
0.0993381333813
-2.77572645346
2.75884954082
-0.270212267123
1.0
20
-0.555555555556
-3.88888888889
0.0
0.0936546825713
-2.79350446654
2.75884954082
-0.216219484427
1.0
20
0.555555555556
-3.88888888889
0.0
0.0936546825713
2.79250446654
2.75884954082
-0.216219484427
1.0
20
1.66666666667
-3.88888888889
0.0
0.0993381333813
2.77472645346
2.75884954082
-0.270212267123
1.0
20
2.77777777778
-3.88888888889
0.0
0.104984227182
2.75590479121
2.75884954082
-0.323850158229
1.0
20
3.88888888889
-3.88888888889
0.0
0.110590840708
2.73604655784
2.75884954082
-0.37711298673
1.0
20
5.0
-3.88888888889
0.0
0.116155865542
2.71515922123
2.75884954082
-0.429980722654
1.0
20
-5.0
-2.77777777778
0.0
0.110528942594
-2.72083599493
2.77505768757
-0.376524954644
1.0
20
-3.88888888889
-2.77777777778
0.0
0.104955429591
-2.74068587363
2.77505768757
-0.323576581114
1.0
20
-2.77777777778
-2.77777777778
0.0
0.0993424471431
-2.7595052805
2.77505768757
-0.27025324786
1.0
20
-1.66666666667
-2.77777777778
0.0
0.0936921060637
-2.77728713831
2.77505768757
-0.216575007605
1.0
20
-0.555555555556
-2.77777777778
0.0
0.088006531215
-2.79402476005
2.77505768757
-0.162562046542
1.0
20
0.555555555556
-2.77777777778
0.0
0.088006531215
2.79302476005
2.77505768757
-0.162562046542
1.0
20
1.66666666667
-2.77777777778
0.0
0.0936921060637
2.77628713831
2.77505768757
-0.216575007605
1.0
20
2.77777777778
-2.77777777778
0.0
0.0993424471431
2.7585052805
2.77505768757
-0.27025324786
1.0
20
3.88888888889
-2.77777777778
0.0
0.104955429591
2.73968587363
2.77505768757
-0.323576581114
1.0
20
5.0
-2.77777777778
0.0
0.110528942594
2.71983599493
2.77505768757
-0.376524954644
1.0
20
-5.0
-1.66666666667
0.0
0.104870119615
-2.72553928209
2.79022224861
-0.322766136344
1.0
20
-3.88888888889
-1.66666666667
0.0
0.099288070322
-2.74434582136
2.79022224861
-0.269736668059
1.0
20
-2.77777777778
-1.66666666667
0.0
0.0936686828462
-2.76212051243
2.79022224861
-0.216352487039
1.0
20
-1.66666666667
-1.66666666667
0.0
0.0880140704095
-2.77885667097
2.79022224861
-0.16263366889
1.0
20
-0.555555555556
-1.66666666667
0.0
0.0823263594805
-2.79454800319
2.79022224861
-0.108600415064
1.0
20
0.555555555556
-1.66666666667
0.0
0.0823263594805
2.79354800319
2.79022224861
-0.108600415064
1.0
20
1.66666666667
-1.66666666667
0.0
0.0880140704095
2.77785667097
2.79022224861
-0.16263366889
1.0
20
2.77777777778
-1.66666666667
0.0
0.0936686828462
2.76112051243
2.79022224861
-0.216352487039
1.0
20
3.88888888889
-1.66666666667
0.0
0.099288070322
2.74334582136
2.79022224861
-0.269736668059
1.0
20
5.0
-1.66666666667
0.0
0.104870119615
2.72453928209
2.79022224861
-0.322766136344
1.0
20
-5.0
-0.555555555556
0.0
0.0991815246577
-2.73026731401
2.80433752117
-0.268724484248
1.0
20
-3.88888888889
-0.555555555556
0.0
0.0935908941637
-2.74802502466
2.80433752117
-0.215613494555
1.0
20
-2.77777777778
-0.555555555556
0.0
0.087965067962
-2.76474950352
2.80433752117
-0.162168145639
1.0
20
-1.66666666667
-0.555555555556
0.0
0.0823061616957
-2.78043446119
2.80433752117
-0.108408536109
1.0
20
-0.555555555556
-0.555555555556
0.0
0.0766163034481
-2.7950739992
2.80433752117
-0.0543548827571
1.0
20
0.555555555556
-0.555555555556
0.0
0.0766163034481
2.7940739992
2.80433752117
-0.0543548827571
1.0
20
1.66666666667
-0.555555555556
0.0
0.0823061616957
2.77943446119
2.80433752117
-0.108408536109
1.0
20
2.77777777778
-0.555555555556
0.0
0.087965067962
2.76374950352
2.80433752117
-0.162168145639
1.0
20
3.88888888889
-0.555555555556
0.0
0.0935908941637
2.74702502466
2.80433752117
-0.215613494555
1.0
20
5.0
-0.555555555556
0.0
0.0991815246577
2.72926731401
2.80433752117
-0.268724484248
1.0
20
-5.0
0.555555555556
0.0
0.0991815246577
-2.73026731401
-2.80433752117
-0.268724484248
1.0
20
-3.88888888889
0.555555555556
0.0
0.0935908941637
-2.74802502466
-2.80433752117
-0.215613494555
1.0
20
-2.77777777778
0.555555555556
0.0
0.087965067962
-2.76474950352
-2.80433752117
-0.162168145639
1.0
20
-1.66666666667
0.555555555556
0.0
0.0823061616957
-2.78043446119
-2.80433752117
-0.108408536109
1.0
20
-0.555555555556
0.555555555556
0.0
0.0766163034481
-2.7950739992
-2.80433752117
-0.0543548827571
1.0
20
0.555555555556
0.555555555556
0.0
0.0766163034481
2.7940739992
-2.80433752117
-0.0543548827571
1.0
20
1.66666666667
0.555555555556
0.0
0.0823061616957
2.77943446119
-2.80433752117
-0.108408536109
1.0
20
2.77777777778
0.555555555556
0.0
0.087965067962
2.76374950352
-2.80433752117
-0.162168145639
1.0
20
3.88888888889
0.555555555556
0.0
0.0935908941637
2.74702502466
-2.80433752117
-0.215613494555
1.0
20
5.0
0.555555555556
0.0
0.0991815246577
2.72926731401
-2.80433752117
-0.268724484248
1.0
20
-5.0
1.66666666667
0.0
0.104870119615
-2.72553928209
-2.79022224861
-0.322766136344
1.0
20
-3.88888888889
1.66666666667
0.0
0.099288070322
-2.74434582136
-2.79022224861
-0.269736668059
1.0
20
-2.77777777778
1.66666666667
0.0
0.0936686828462
-2.76212051243
-2.79022224861
-0.216352487039
1.0
20
-1.66666666667
1.66666666667
0.0
0.0880140704095
-2.77885667097
-2.79022224861
-0.16263366889
1.0
20
-0.555555555556
1.66666666667
0.0
0.0823263594805
-2.79454800319
-2.79022224861
-0.108600415064
1.0
20
0.555555555556
1.66666666667
0.0
0.0823263594805
2.79354800319
-2.79022224861
-0.108600415064
1.0
20
1.66666666667
1.66666666667
0.0
0.0880140704095
2.77785667097
-2.79022224861
-0.16263366889
1.0
20
2.77777777778
1.66666666667
0.0
0.0936686828462
2.76112051243
-2.79022224861
-0.216352487039
1.0
20
3.88888888889
1.66666666667
0.0
0.099288070322
2.74334582136
-2.79022224861
-0.269736668059
1.0
20
5.0
1.66666666667
0.0
0.104870119615
2.72453928209
-2.79022224861
-0.322766136344
1.0
20
-5.0
2.77777777778
0.0
0.110528942594
-2.72083599493
-2.77505768757
-0.376524954644
1.0
20
-3.88888888889
2.77777777778
0.0
0.104955429591
-2.74068587363
-2.77505768757
-0.323576581114
1.0
20
-2.77777777778
2.77777777778
0.0
0.0993424471431
-2.7595052805
-2.77505768757
-0.27025324786
1.0
20
-1.66666666667
2.77777777778
0.0
0.0936921060637
-2.77728713831
-2.77505768757
-0.216575007605
1.0
20
-0.555555555556
2.77777777778
0.0
0.088006531215
-2.79402476005
-2.77505768757
-0.162562046542
1.0
20
0.555555555556
2.77777777778
0.0
0.088006531215
2.79302476005
-2.77505768757
-0.162562046542
1.0
20
1.66666666667
2.77777777778
0.0
0.0936921060637
2.77628713831
-2.77505768757
-0.216575007605
1.0
20
2.77777777778
2.77777777778
0.0
0.0993424471431
2.7585052805
-2.77505768757
-0.27025324786
1.0
20
3.88888888889
2.77777777778
0.0
0.104955429591
2.73968587363
-2.77505768757
-0.323576581114
1.0
20
5.0
2.77777777778
0.0
0.110528942594
2.71983599493
-2.77505768757
-0.376524954644
1.0
20
-5.0
3.88888888889
0.0
0.116155865542
-2.71615922123
-2.75884954082
-0.429980722654
1.0
20
-3.88888888889
3.88888888889
0.0
0.110590840708
-2.73704655784
-2.75884954082
-0.37711298673
1.0
20
-2.77777777778
3.88888888889
0.0
0.104984227182
-2.75690479121
-2.75884954082
-0.323850158229
1.0
20
-1.66666666667
3.88888888889
0.0
0.0993381333813
-2.77572645346
-2.75884954082
-0.270212267123
1.0
20
-0.555555555556
3.88888888889
0.0
0.0936546825713
-2.79350446654
-2.75884954082
-0.216219484427
1.0
20
0.555555555556
3.88888888889
0.0
0.0936546825713
2.79250446654
-2.75884954082
-0.216219484427
1.0
20
1.66666666667
3.88888888889
0.0
0.0993381333813
2.77472645346
-2.75884954082
-0.270212267123
1.0
20
2.77777777778
3.88888888889
0.0
0.104984227182
2.75590479121
-2.75884954082
-0.323850158229
1.0
20
3.88888888889
3.88888888889
0.0
0.110590840708
2.73604655784
-2.75884954082
-0.37711298673
1.0
20
5.0
3.88888888889
0.0
0.116155865542
2.71515922123
-2.75884954082
-0.429980722654
1.0
20
-5.0
5.0
0.0
0.121748772405
-2.71151071973
-2.7416039036
-0.483113337845
1.0
20
-3.88888888889
5.0
0.0
0.116192184427
-2.73342924257
-2.7416039036
-0.430325752055
1.0
20
-2.77777777778
5.0
0.0
0.11059190132
-2.75432002249
-2.7416039036
-0.377123062542
1.0
20
-1.66666666667
5.0
0.0
0.104950029122
-2.77417520332
-2.7416039036
-0.323525276663
1.0
20
-0.555555555556
5.0
0.0
0.0992686895108
-2.79298731834
-2.7416039036
-0.269552550353
1.0
20
0.555555555556
5.0
0.0
0.0992686895108
2.79198731834
-2.7416039036
-0.269552550353
1.0
20
1.66666666667
5.0
0.0
0.104950029122
2.77317520332
-2.7416039036
-0.323525276663
1.0
20
2.77777777778
5.0
0.0
0.11059190132
2.75332002249
-2.7416039036
-0.377123062542
1.0
20
3.88888888889
5.0
0.0
0.116192184427
2.73242924257
-2.7416039036
-0.430325752055
1.0
20
5.0
5.0
0.0
0.121748772405
2.71051071973
-2.7416039036
-0.483113337845
1.0
20
