# Table format: 0D
10
10
1
-5.0
-5.0
0.0
0.0314492739176
5.69985419612
17.7310101903
0.628106062353
1.0
20
-3.88888888889
-5.0
0.0
0.0321092087132
9.84751012152
25.0137930234
0.61599289957
1.0
20
-2.77777777778
-5.0
0.0
0.0337331184903
9.84238838175
25.0137930234
0.585428358213
1.0
20
-1.66666666667
-5.0
0.0
0.0353443426212
9.83667491786
25.0137930234
0.554968881248
1.0
20
-0.555555555556
-5.0
0.0
0.0369422751902
9.83037187844
25.0137930234
0.524625923239
1.0
20
0.555555555556
-5.0
0.0
0.0406160846648
11.332410698
25.0137930234
0.479779447306
1.0
20
1.66666666667
-5.0
0.0
0.0463643894755
11.3243683928
25.0137930234
0.420446318377
1.0
20
2.77777777778
-5.0
0.0
0.0520952585354
11.3151770514
25.0137930234
0.361280296837
1.0
20
3.88888888889
-5.0
0.0
0.0578065366991
11.3048401303
25.0137930234
0.302303632608
1.0
20
5.0
-5.0
0.0
0.0634960761885
11.2933615168
25.0137930234
0.243538504402
1.0
20
-5.0
-3.88888888889
0.0
0.0314788206306
5.70427443519
17.7317326878
0.577582498606
1.0
20
-3.88888888889
-3.88888888889
0.0
0.0288769623173
5.69918691734
17.7317326878
0.627368037341
1.0
20
-2.77777777778
-3.88888888889
0.0
0.0263353001492
9.83799910178
25.0198053645
0.675892812468
1.0
20
-1.66666666667
-3.88888888889
0.0
0.02794095501
9.83404068945
25.0198053645
0.645501439496
1.0
20
-0.555555555556
-3.88888888889
0.0
0.0295361024203
9.82949369222
25.0198053645
0.615192539887
1.0
20
0.555555555556
-3.88888888889
0.0
0.0332099118949
11.3332888842
25.0198053645
0.570346063955
1.0
20
1.66666666667
-3.88888888889
0.0
0.0389610018643
11.3270026212
25.0198053645
0.510978876625
1.0
20
2.77777777778
-3.88888888889
0.0
0.0446974401942
11.3195663314
25.0198053645
0.451744751092
1.0
20
3.88888888889
-3.88888888889
0.0
0.0504170696449
11.3109828112
25.0198053645
0.392665962888
1.0
20
5.0
-3.88888888889
0.0
0.0561177392976
11.3012552886
25.0198053645
0.33376472913
1.0
20
-5.0
-2.77777777778
0.0
0.0315009903932
5.70869262206
17.7334385111
0.527082391659
1.0
20
-3.88888888889
-2.77777777778
0.0
0.0288991655228
5.70262500913
17.7334385111
0.576791751379
1.0
20
-2.77777777778
-2.77777777778
0.0
0.0262864728582
5.69752246778
17.7334385111
0.626609423367
1.0
20
-1.66666666667
-2.77777777778
0.0
0.0236638949262
5.69338691686
17.7334385111
0.676516673232
1.0
20
-0.555555555556
-2.77777777778
0.0
0.022118524484
9.82861454069
25.0240602851
0.705858709154
1.0
20
0.555555555556
-2.77777777778
0.0
0.0257923339586
11.3341680358
25.0240602851
0.661012233222
1.0
20
1.66666666667
-2.77777777778
0.0
0.0315462133756
11.3296397452
25.0240602851
0.601610950053
1.0
20
2.77777777778
-2.77777777778
0.0
0.037288229552
11.3239604361
25.0240602851
0.542308645666
1.0
20
3.88888888889
-2.77777777778
0.0
0.0430162231501
11.3171322442
25.0240602851
0.483127621231
1.0
20
5.0
-2.77777777778
0.0
0.048728040106
11.3091577374
25.0240602851
0.424090132312
1.0
20
-5.0
-1.66666666667
0.0
0.0344477658239
5.71310709522
17.7361270185
0.476624732536
1.0
20
-3.88888888889
-1.66666666667
0.0
0.0289139723002
5.70606021103
17.7361270185
0.526257977274
1.0
20
-2.77777777778
-1.66666666667
0.0
0.0263012963696
5.69997710658
17.7361270185
0.576018537965
1.0
20
-1.66666666667
-1.66666666667
0.0
0.0236787295971
5.69486006948
17.7361270185
0.625887701696
1.0
20
-0.555555555556
-1.66666666667
0.0
0.0210472582228
5.69071102403
17.7361270185
0.675846714715
1.0
20
0.555555555556
-1.66666666667
0.0
0.0210472582228
8.27340996656
17.7361270185
0.7008026188
1.0
20
1.66666666667
-1.66666666667
0.0
0.0241228124081
11.3322787731
25.0265561853
0.692308455647
1.0
20
2.77777777778
-1.66666666667
0.0
0.0298704129097
11.3283577132
25.0265561853
0.632937923183
1.0
20
3.88888888889
-1.66666666667
0.0
0.0356067803706
11.3232861169
25.0265561853
0.573654588707
1.0
20
5.0
-1.66666666667
0.0
0.0413297575776
11.3170658914
25.0265561853
0.514480746256
1.0
20
-5.0
-0.555555555556
0.0
0.0418608671441
5.71751619457
17.7397971991
0.4262284963
1.0
20
-3.88888888889
-0.555555555556
0.0
0.0361386911117
5.70949123121
17.7397971991
0.475785718711
1.0
20
-2.77777777778
-0.555555555556
0.0
0.0304029247955
5.70242875732
17.7397971991
0.525489237627
1.0
20
-1.66666666667
-0.555555555556
0.0
0.0246557251827
5.6963314288
17.7397971991
0.575320361588
1.0
20
-0.555555555556
-0.555555555556
0.0
0.0210546797442
5.69120153862
17.7397971991
0.625260351144
1.0
20
0.555555555556
-0.555555555556
0.0
0.0210546797442
8.27291945196
17.7397971991
0.650216255229
1.0
20
1.66666666667
-0.555555555556
0.0
0.0236861483275
8.26875741821
17.7397971991
0.650178688948
1.0
20
2.77777777778
-0.555555555556
0.0
0.0263087095192
8.26459543859
17.7397971991
0.650221837107
1.0
20
3.88888888889
-0.555555555556
0.0
0.0289213770812
8.26043507825
17.7397971991
0.650345683481
1.0
20
5.0
-0.555555555556
0.0
0.0339256739038
11.3249767767
25.0272921264
0.604902578751
1.0
20
-5.0
0.555555555556
0.0
0.0492679675903
5.72191826204
17.7444476728
0.375912634913
1.0
20
-3.88888888889
0.555555555556
0.0
0.0435569651107
5.71291677939
17.7444476728
0.425393956243
1.0
20
-2.77777777778
0.555555555556
0.0
0.037829582638
5.70487649801
17.7444476728
0.475040524358
1.0
20
-1.66666666667
0.555555555556
0.0
0.0320879740063
5.69780044152
17.7444476728
0.524833669215
1.0
20
-0.555555555556
0.555555555556
0.0
0.0263342983999
5.69169127092
17.7444476728
0.574754665649
1.0
20
0.555555555556
0.555555555556
0.0
0.0226604889253
8.27242971967
17.7444476728
0.599710569734
1.0
20
1.66666666667
0.555555555556
0.0
0.0236861483275
8.2672884055
17.7444476728
0.599691996576
1.0
20
2.77777777778
0.555555555556
0.0
0.0263087095192
8.2621476979
17.7444476728
0.599773123838
1.0
20
3.88888888889
0.555555555556
0.0
0.0289213770812
8.25700953006
17.7444476728
0.599953921013
1.0
20
5.0
0.555555555556
0.0
0.0315231684961
8.25187583425
17.7444476728
0.60023432011
1.0
20
-5.0
1.66666666667
0.0
0.0566662816549
5.72631164218
17.7500766905
0.325696070115
1.0
20
-3.88888888889
1.66666666667
0.0
0.0509664394741
5.71633556738
17.7500766905
0.37510164015
1.0
20
-2.77777777778
1.66666666667
0.0
0.0452474308997
5.70731940818
17.7500766905
0.424691369855
1.0
20
-1.66666666667
1.66666666667
0.0
0.0395114066171
5.69926655518
17.7500766905
0.47444661056
1.0
20
-0.555555555556
1.66666666667
0.0
0.0337605237103
5.69218003674
17.7500766905
0.524348651353
1.0
20
0.555555555556
1.66666666667
0.0
0.0300867142357
8.27194095384
17.7500766905
0.549304555438
1.0
20
1.66666666667
1.66666666667
0.0
0.0284913597628
8.26582229183
17.7500766905
0.54930493792
1.0
20
2.77777777778
1.66666666667
0.0
0.0268852908547
8.25970478773
17.7500766905
0.549423969335
1.0
20
3.88888888889
1.66666666667
0.0
0.0289139723002
8.25359074207
17.7500766905
0.549661604921
1.0
20
5.0
1.66666666667
0.0
0.0315157748683
8.24748245411
17.7500766905
0.550017755312
1.0
20
-5.0
2.77777777778
0.0
0.0640530271347
5.73069468283
17.7566821355
0.2755976863
1.0
20
-3.88888888889
2.77777777778
0.0
0.0583643278014
5.7197463095
17.7566821355
0.324927683317
1.0
20
-2.77777777778
2.77777777778
0.0
0.0526536800313
5.70975656914
17.7566821355
0.374460708376
1.0
20
-1.66666666667
2.77777777778
0.0
0.0469232313656
5.70072921846
17.7566821355
0.424178134133
1.0
20
-0.555555555556
2.77777777778
0.0
0.0411751367916
5.69266765229
17.7566821355
0.474061263896
1.0
20
0.555555555556
2.77777777778
0.0
0.037501327317
8.27145333829
17.7566821355
0.499017167981
1.0
20
1.66666666667
2.77777777778
0.0
0.0359031845113
8.26435962855
17.7566821355
0.499036461493
1.0
20
2.77777777778
2.77777777778
0.0
0.0342915399863
8.25726762677
17.7566821355
0.499193307856
1.0
20
3.88888888889
2.77777777778
0.0
0.0326669998155
8.25017999995
17.7566821355
0.499487648087
1.0
20
5.0
2.77777777778
0.0
0.0315009903932
8.24309941347
17.7566821355
0.499919371497
1.0
20
-5.0
3.88888888889
0.0
0.0714254261766
5.73506573569
17.7642615237
0.225636323422
1.0
20
-3.88888888889
3.88888888889
0.0
0.0657478480494
5.72314772312
17.7642615237
0.274890954116
1.0
20
-2.77777777778
3.88888888889
0.0
0.0600455448455
5.71218706437
17.7642615237
0.324367429619
1.0
20
-1.66666666667
3.88888888889
0.0
0.0543206609678
5.7021878813
17.7642615237
0.374047143853
1.0
20
-0.555555555556
3.88888888889
0.0
0.048575349311
5.6931539342
17.7642615237
0.423911414309
1.0
20
0.555555555556
3.88888888889
0.0
0.0449015398364
8.27096705639
17.7642615237
0.448867318394
1.0
20
1.66666666667
3.88888888889
0.0
0.0433006141135
8.26290096571
17.7642615237
0.448905471213
1.0
20
2.77777777778
3.88888888889
0.0
0.0416834048004
8.25483713154
17.7642615237
0.449100029099
1.0
20
3.88888888889
3.88888888889
0.0
0.0400505200635
8.24677858634
17.7642615237
0.449450918886
1.0
20
5.0
3.88888888889
0.0
0.038402573964
8.2387283606
17.7642615237
0.449958008619
1.0
20
-5.0
5.0
0.0
0.078780706323
5.739423157
17.7728120049
0.175830769907
1.0
20
-3.88888888889
5.0
0.0
0.0731142235782
5.7265385291
17.7728120049
0.225010269314
1.0
20
-2.77777777778
5.0
0.0
0.067420245564
5.71460997987
17.7728120049
0.274430371617
1.0
20
-1.66666666667
5.0
0.0
0.0617009135528
5.70364199516
17.7728120049
0.324072491935
1.0
20
-0.555555555556
5.0
0.0
0.0559583783513
5.69363869958
17.7728120049
0.373917961898
1.0
20
0.555555555556
5.0
0.0
0.0522845688767
8.270482291
17.7728120049
0.398873865983
1.0
20
1.66666666667
5.0
0.0
0.0506808666985
8.26144685186
17.7728120049
0.398930819295
1.0
20
2.77777777778
5.0
0.0
0.0490581055189
8.25241421604
17.7728120049
0.399162971097
1.0
20
3.88888888889
5.0
0.0
0.0474168955923
8.24338778036
17.7728120049
0.399570234085
1.0
20
5.0
5.0
0.0
0.0457578541104
8.23437093929
17.7728120049
0.400152455104
1.0
20
