# Table format: 0D
10
10
1
-5.0
-5.0
0.0
0.171273605752
-2.68597729276
-2.88564476606
-0.947710663697
1.0
20
-3.88888888889
-5.0
0.0
0.160183640396
-2.71526965805
-2.88564476606
-0.845003607568
1.0
20
-2.77777777778
-5.0
0.0
0.149033436524
-2.74256488891
-2.88564476606
-0.741747845427
1.0
20
-1.66666666667
-5.0
0.0
0.137827187271
-2.76785272071
-2.88564476606
-0.637982207543
1.0
20
-0.555555555556
-5.0
0.0
0.12656910685
-2.79112364375
-2.88564476606
-0.533745715929
1.0
20
0.555555555556
-5.0
0.0
0.119442457411
2.79036770464
-2.88564476606
-0.483404939473
1.0
20
1.66666666667
-5.0
0.0
0.116449918995
2.76904913099
-2.88564476606
-0.486978809283
1.0
20
2.77777777778
-5.0
0.0
0.113413588527
2.74766526378
-2.88564476606
-0.490138611565
1.0
20
3.88888888889
-5.0
0.0
0.110334607847
2.72622414459
-2.88564476606
-0.492883158047
1.0
20
5.0
-5.0
0.0
0.107214134833
2.70473383655
-2.88564476606
-0.495211416617
1.0
20
-5.0
-3.88888888889
0.0
0.15621679646
-2.69525061725
-2.86543021495
-0.841716079674
1.0
20
-3.88888888889
-3.88888888889
0.0
0.145104118025
-2.72248586274
-2.86543021495
-0.738849131547
1.0
20
-2.77777777778
-3.88888888889
0.0
0.133936871866
-2.74772126008
-2.86543021495
-0.635473397765
1.0
20
-1.66666666667
-3.88888888889
0.0
0.122719257527
-2.77094731926
-2.86543021495
-0.531627753714
1.0
20
-0.555555555556
-3.88888888889
0.0
0.111455493494
-2.79215530592
-2.86543021495
-0.427351251493
1.0
20
0.555555555556
-3.88888888889
0.0
0.104328844055
2.79139936681
-2.86543021495
-0.377010475038
1.0
20
1.66666666667
-3.88888888889
0.0
0.101341989251
2.77214372954
-2.86543021495
-0.380624355454
1.0
20
2.77777777778
-3.88888888889
0.0
0.0983170238695
2.75282163495
-2.86543021495
-0.383864163903
1.0
20
3.88888888889
-3.88888888889
0.0
0.095255085476
2.73344034928
-2.86543021495
-0.386728682026
1.0
20
5.0
-3.88888888889
0.0
0.0921573255406
2.71400716105
-2.86543021495
-0.389216832594
1.0
20
-5.0
-2.77777777778
0.0
0.141120348659
-2.70455636202
-2.84728269212
-0.735350930327
1.0
20
-3.88888888889
-2.77777777778
0.0
0.129984897351
-2.72972729585
-2.84728269212
-0.632323531208
1.0
20
-2.77777777778
-2.77777777778
0.0
0.11880056404
-2.75289565832
-2.84728269212
-0.528827406355
1.0
20
-1.66666666667
-2.77777777778
0.0
0.107571554694
-2.77405273677
-2.84728269212
-0.424901476429
1.0
20
-0.555555555556
-2.77777777778
0.0
0.096302092087
-2.79319057487
-2.84728269212
-0.320584823721
1.0
20
0.555555555556
-2.77777777778
0.0
0.0891754426478
2.79243463575
-2.84728269212
-0.270244047265
1.0
20
1.66666666667
-2.77777777778
0.0
0.0861942864183
2.77524914704
-2.84728269212
-0.273898078168
1.0
20
2.77777777778
-2.77777777778
0.0
0.0831807160427
2.75799603319
-2.84728269212
-0.277218172493
1.0
20
3.88888888889
-2.77777777778
0.0
0.0801358648017
2.74068178239
-2.84728269212
-0.280203081687
1.0
20
5.0
-2.77777777778
0.0
0.0780714633974
2.72331290581
-2.84728269212
-0.282851683248
1.0
20
-5.0
-1.66666666667
0.0
0.125989939505
-2.71389102753
-2.83120902212
-0.628655215239
1.0
20
-3.88888888889
-1.66666666667
0.0
0.114831664094
-2.73699123416
-2.83120902212
-0.525466866471
1.0
20
-2.77777777778
-1.66666666667
0.0
0.10363020519
-2.75808613776
-2.83120902212
-0.421849976391
1.0
20
-1.66666666667
-1.66666666667
0.0
0.0923897752044
-2.77716780541
-2.83120902212
-0.317843511074
1.0
20
-0.555555555556
-1.66666666667
0.0
0.0811146012028
-2.79422906126
-2.83120902212
-0.213486583098
1.0
20
0.555555555556
-1.66666666667
0.0
0.0739879517636
2.79347312214
-2.83120902212
-0.163145806642
1.0
20
1.66666666667
-1.66666666667
0.0
0.0710125069282
2.77836421569
-2.83120902212
-0.166840112814
1.0
20
2.77777777778
-1.66666666667
0.0
0.0680103571933
2.76318651263
-2.83120902212
-0.170240742529
1.0
20
3.88888888889
-1.66666666667
0.0
0.0724884732813
2.7479457207
-2.83120902212
-0.17334641695
1.0
20
5.0
-1.66666666667
0.0
0.0781108886643
2.73264757133
-2.83120902212
-0.17615596816
1.0
20
-5.0
-0.555555555556
0.0
0.110831258927
-2.72325110342
-2.81721524958
-0.521669058305
1.0
20
-3.88888888889
-0.555555555556
0.0
0.0996501167648
-2.74427494601
-2.81721524958
-0.418319321759
1.0
20
-2.77777777778
-0.555555555556
0.0
0.0884315002696
-2.76329074647
-2.81721524958
-0.314581337711
1.0
20
-1.66666666667
-0.555555555556
0.0
0.0771796283036
-2.78029135373
-2.81721524958
-0.210494117774
1.0
20
-0.555555555556
-0.555555555556
0.0
0.0658987322359
-2.79527037456
-2.81721524958
-0.106096804894
1.0
20
0.555555555556
-0.555555555556
0.0
0.0587720827967
2.79451443545
-2.81721524958
-0.0557560284382
1.0
20
1.66666666667
-0.555555555556
0.0
0.0611837705576
2.78148776401
-2.81721524958
-0.0594907195136
1.0
20
2.77777777778
-0.555555555556
0.0
0.066858566347
2.76839112134
-2.81721524958
-0.062972103849
1.0
20
3.88888888889
-0.555555555556
0.0
0.072508219364
2.75522943255
-2.81721524958
-0.0661988722381
1.0
20
5.0
-0.555555555556
0.0
0.078130605005
2.74200764721
-2.81721524958
-0.0691698112255
1.0
20
-5.0
0.555555555556
0.0
0.0956500074836
-2.73263306973
-2.805306637
-0.414432692643
1.0
20
-3.88888888889
0.555555555556
0.0
0.0844459645232
-2.75157569229
-2.805306637
-0.310921190881
1.0
20
-2.77777777778
0.555555555556
0.0
0.0732101648892
-2.76850752721
-2.805306637
-0.207061829662
1.0
20
-1.66666666667
0.555555555556
0.0
0.0619468339062
-2.78342220711
-2.805306637
-0.102893666243
1.0
20
-0.555555555556
0.555555555556
0.0
0.0554859660543
-2.79631412319
-2.805306637
0.00154412598832
1.0
20
0.555555555556
0.555555555556
0.0
0.0554859660543
2.79555818408
-2.805306637
0.0518849024441
1.0
20
1.66666666667
0.555555555556
0.0
0.0611837705576
2.78461861739
-2.805306637
0.0481097320168
1.0
20
2.77777777778
0.555555555556
0.0
0.066858566347
2.77360790208
-2.805306637
0.0445474042002
1.0
20
3.88888888889
0.555555555556
0.0
0.072508219364
2.76253017883
-2.805306637
0.0411992586401
1.0
20
5.0
0.555555555556
0.0
0.0786522450621
8.24543229
-17.7415558988
0.0281553933537
1.0
20
-5.0
1.66666666667
0.0
0.0804518942238
-2.7420333983
-2.79548766272
-0.306986445463
1.0
20
-3.88888888889
1.66666666667
0.0
0.0724884732813
-2.75889072749
-2.79548766272
-0.203312861881
1.0
20
-2.77777777778
1.66666666667
0.0
0.0668387979481
-2.77373451816
-2.79548766272
-0.0993318859335
1.0
20
-1.66666666667
1.66666666667
0.0
0.0611639872765
-2.78655918815
-2.79548766272
0.00491737938758
1.0
20
-0.555555555556
1.66666666667
0.0
0.0554661753307
-2.79735991463
-2.79548766272
0.109395730197
1.0
20
0.555555555556
1.66666666667
0.0
0.0554661753307
2.79660397552
-2.79548766272
0.159736506653
1.0
20
1.66666666667
1.66666666667
0.0
0.0611639872765
2.78775559843
-2.79548766272
0.155920777648
1.0
20
2.77777777778
1.66666666667
0.0
0.0713783603743
8.25508948299
-17.7380223034
0.0660256618299
1.0
20
3.88888888889
1.66666666667
0.0
0.0826162279052
8.24339757124
-17.7380223034
-0.0436197502139
1.0
20
5.0
1.66666666667
0.0
0.0938230268515
8.22958168735
-17.7380223034
-0.15301782394
1.0
20
-5.0
2.77777777778
0.0
0.0780714633974
-2.75144855404
-2.78776201926
-0.199370722907
1.0
20
-3.88888888889
2.77777777778
0.0
0.0724489885417
-2.76621730073
-2.78776201926
-0.0955348018521
1.0
20
-2.77777777778
2.77777777778
0.0
0.0667992685843
-2.77896975366
-2.78776201926
0.00856798064774
1.0
20
-1.66666666667
2.77777777778
0.0
0.061124428154
-2.78970111716
-2.78776201926
0.112898475794
1.0
20
-0.555555555556
2.77777777778
0.0
0.0569114646694
5.69326537603
-17.7309627625
0.18920504563
1.0
20
0.555555555556
2.77777777778
0.0
0.0640381141086
8.27032221125
-17.7309627625
0.104139482741
1.0
20
1.66666666667
2.77777777778
0.0
0.0753197098787
8.25936651304
-17.7309627625
-0.00580847871484
1.0
20
2.77777777778
2.77777777778
0.0
0.0865729809862
8.24628083743
-17.7309627625
-0.115523321126
1.0
20
3.88888888889
2.77777777778
0.0
0.0977936955362
8.2310701054
-17.7309627625
-0.224963785228
1.0
20
5.0
2.77777777778
0.0
0.108977633877
8.21374003709
-17.7309627625
-0.334088714936
1.0
20
-5.0
3.88888888889
0.0
0.0780123440304
-2.7608749963
-2.78213261191
-0.0916259948449
1.0
20
-3.88888888889
3.88888888889
0.0
0.0723897799936
-2.77355265677
-2.78213261191
0.0123724582862
1.0
20
-2.77777777778
3.88888888889
0.0
0.0667399931211
-2.78421126496
-2.78213261191
0.116597193355
1.0
20
-1.66666666667
3.88888888889
0.0
0.0691265530625
5.70620354231
-17.7203799311
0.0678415607803
1.0
20
-0.555555555556
3.88888888889
0.0
0.0721012884009
5.69502610913
-17.7203799311
0.00762210021816
1.0
20
0.555555555556
3.88888888889
0.0
0.0792279378401
8.26856147815
-17.7203799311
-0.0774434626707
1.0
20
1.66666666667
3.88888888889
0.0
0.0905038213387
8.25408497587
-17.7203799311
-0.187323138207
1.0
20
2.77777777778
3.88888888889
0.0
0.101745670051
8.23748048236
-17.7203799311
-0.296901434459
1.0
20
3.88888888889
3.88888888889
0.0
0.112949256379
8.21875424189
-17.7203799311
-0.40613714351
1.0
20
5.0
3.88888888889
0.0
0.12411036711
8.19791329663
-17.7203799311
-0.514989186278
1.0
20
-5.0
5.0
0.0
0.0779335527959
-2.77030918018
-2.77860155766
0.0162072203365
1.0
20
-3.88888888889
5.0
0.0
0.0782281784967
5.73734476323
-17.7062777889
0.00793947574723
1.0
20
-2.77777777778
5.0
0.0
0.0812708737452
5.72499989338
-17.7062777889
-0.0528725911994
1.0
20
-1.66666666667
5.0
0.0
0.0842830063418
5.71147811777
-17.7062777889
-0.113433840213
1.0
20
-0.555555555556
5.0
0.0
0.0872634435467
5.69678452138
-17.7062777889
-0.173721496686
1.0
20
0.555555555556
5.0
0.0
0.0943900929859
8.26680306591
-17.7062777889
-0.258787059575
1.0
20
1.66666666667
5.0
0.0
0.105660274618
8.24881040041
-17.7062777889
-0.368598539201
1.0
20
2.77777777778
5.0
0.0
0.116890721742
8.22869172723
-17.7062777889
-0.478040469277
1.0
20
3.88888888889
5.0
0.0
0.128077211046
8.20645461218
-17.7062777889
-0.587071693171
1.0
20
5.0
5.0
0.0
0.139215535749
8.18210741773
-17.7062777889
-0.695651208696
1.0
20
