# Table format: 0D
10
10
1
-5.0
-5.0
0.0
0.0779381399402
-2.77030766843
2.77860150791
0.0161737351006
1.0
20
-3.88888888889
-5.0
0.0
0.0782324441267
5.73734667234
17.7062765794
0.00789763780819
1.0
20
-2.77777777778
-5.0
0.0
0.0812741212442
5.72500113879
17.7062765794
-0.0529095628211
1.0
20
-1.66666666667
-5.0
0.0
0.0842852344886
5.71147879396
17.7062765794
-0.113465933563
1.0
20
-0.555555555556
-5.0
0.0
0.0872646515033
5.69678472306
17.7062765794
-0.173748701642
1.0
20
0.555555555556
-5.0
0.0
0.0943907906203
8.26680288796
17.7062765794
-0.258809367856
1.0
20
1.66666666667
-5.0
0.0
0.10566097199
8.24880993786
17.7062765794
-0.368615944366
1.0
20
2.77777777778
-5.0
0.0
0.11689141859
8.22869107521
17.7062765794
-0.478052966729
1.0
20
3.88888888889
-5.0
0.0
0.128077907107
8.20645386589
17.7062765794
-0.587079280158
1.0
20
5.0
-5.0
0.0
0.139216230762
8.18210667241
17.7062765794
-0.695653884315
1.0
20
-5.0
-3.88888888889
0.0
0.0780169311748
-2.76087370722
2.78213265996
-0.0916569349099
1.0
20
-3.88888888889
-3.88888888889
0.0
0.0723933495627
-2.77355181996
2.78213265996
0.0123463945127
1.0
20
-2.77777777778
-3.88888888889
0.0
0.0667425437726
-2.78421078576
2.78213265996
0.116576013726
1.0
20
-1.66666666667
-3.88888888889
0.0
0.0691287822612
5.70620414478
17.7203790767
0.0678120012556
1.0
20
-0.555555555556
-3.88888888889
0.0
0.0721024974099
5.69502628624
17.7203790767
0.00759743003967
1.0
20
0.555555555556
-3.88888888889
0.0
0.0792286365269
8.26856132478
17.7203790767
-0.077463236174
1.0
20
1.66666666667
-3.88888888889
0.0
0.0905045197627
8.25408458705
17.7203790767
-0.187338009548
1.0
20
2.77777777778
-3.88888888889
0.0
0.10174636795
8.23747995318
17.7203790767
-0.296911399992
1.0
20
3.88888888889
-3.88888888889
0.0
0.11294995349
8.21875366751
17.7203790767
-0.406142201438
1.0
20
5.0
-3.88888888889
0.0
0.124111063171
8.19791277223
17.7203790767
-0.514989336646
1.0
20
-5.0
-2.77777777778
0.0
0.0780760505417
-2.75144748776
2.78776211555
-0.19939911639
1.0
20
-3.88888888889
-2.77777777778
0.0
0.0724525581108
-2.76621663729
2.78776211555
-0.0955583152025
1.0
20
-2.77777777778
-2.77777777778
0.0
0.0668018192358
-2.77896939835
2.78776211555
0.00854935432449
1.0
20
-1.66666666667
-2.77777777778
0.0
0.0611259589287
-2.78970097516
2.78776211555
0.112884741554
1.0
20
-0.555555555556
-2.77777777778
0.0
0.056912674468
5.6932655285
17.7309622139
0.189182916638
1.0
20
0.555555555556
-2.77777777778
0.0
0.064038813585
8.27032208253
17.7309622139
0.104122250424
1.0
20
1.66666666667
-2.77777777778
0.0
0.0753204090921
8.25936619813
17.7309622139
-0.00582080982488
1.0
20
2.77777777778
-2.77777777778
0.0
0.0865736796736
8.24628043141
17.7309622139
-0.11553074834
1.0
20
3.88888888889
-2.77777777778
0.0
0.0977943934349
8.23106970339
17.7309622139
-0.224966307701
1.0
20
5.0
-2.77777777778
0.0
0.108978330724
8.21373973419
17.7309622139
-0.334086333669
1.0
20
-5.0
-1.66666666667
0.0
0.0804518942238
-2.74203255486
2.79548775768
-0.307012291912
1.0
20
-3.88888888889
-1.66666666667
0.0
0.0724920428504
-2.75889023746
2.79548775768
-0.203333824355
1.0
20
-2.77777777778
-1.66666666667
0.0
0.0668413485996
-2.77373428676
2.79548775768
-0.099347958497
1.0
20
-1.66666666667
-1.66666666667
0.0
0.0611655180512
-2.78655912051
2.79548775768
0.00490620082992
1.0
20
-0.555555555556
-1.66666666667
0.0
0.0554666856529
-2.79735991583
2.79548775768
0.1093894479
1.0
20
0.555555555556
-1.66666666667
0.0
0.0554666856529
2.79760395344
2.79548775768
0.15972542491
1.0
20
1.66666666667
-1.66666666667
0.0
0.0611655180512
2.78875532139
2.79548775768
0.155895202556
1.0
20
2.77777777778
-1.66666666667
0.0
0.0713790595877
8.2550892004
17.7380220113
0.0660207783819
1.0
20
3.88888888889
-1.66666666667
0.0
0.0826169263293
8.24339734195
17.7380220113
-0.043619731793
1.0
20
5.0
-1.66666666667
0.0
0.0938237242236
8.22958160641
17.7380220113
-0.153012905606
1.0
20
-5.0
-0.555555555556
0.0
0.0956500074836
-2.73263244908
2.80530668105
-0.414455992561
1.0
20
-3.88888888889
-0.555555555556
0.0
0.0844459645232
-2.75157537563
2.80530668105
-0.310939602983
1.0
20
-2.77777777778
-0.555555555556
0.0
0.0732101648892
-2.76850741969
2.80530668105
-0.207075348971
1.0
20
-1.66666666667
-0.555555555556
0.0
0.0619468339062
-2.78342221382
2.80530668105
-0.102902289625
1.0
20
-0.555555555556
-0.555555555556
0.0
0.0554864763764
-2.79631414917
2.80530668105
0.00154039982897
1.0
20
0.555555555556
-0.555555555556
0.0
0.0554864763764
2.79655818679
2.80530668105
0.0518763768383
1.0
20
1.66666666667
-0.555555555556
0.0
0.0611853013323
2.7856184147
2.80530668105
0.0480867121006
1.0
20
2.77777777778
-0.555555555556
0.0
0.0668611169985
2.77460721296
2.80530668105
0.044509896682
1.0
20
3.88888888889
-0.555555555556
0.0
0.0725117889331
2.76352872244
2.80530668105
0.0411472756765
1.0
20
5.0
-0.555555555556
0.0
0.0786529426965
8.24543243141
17.7415558139
0.0281628532335
1.0
20
-5.0
0.555555555556
0.0
0.110831258927
-2.72325070543
2.81721519315
-0.521689813156
1.0
20
-3.88888888889
0.555555555556
0.0
0.0996501167648
-2.74427480262
2.81721519315
-0.418335184954
1.0
20
-2.77777777778
0.555555555556
0.0
0.0884315002696
-2.76329076277
2.81721519315
-0.314592305233
1.0
20
-1.66666666667
0.555555555556
0.0
0.0771796283036
-2.78029143475
2.81721519315
-0.210500187447
1.0
20
-0.555555555556
0.555555555556
0.0
0.0658987322359
-2.79527042532
2.81721519315
-0.106097976384
1.0
20
0.555555555556
0.555555555556
0.0
0.0587725931189
2.79551446293
2.81721519315
-0.0557619993747
1.0
20
1.66666666667
0.555555555556
0.0
0.0611853013323
2.78248763563
2.81721519315
-0.0595111857212
1.0
20
2.77777777778
0.555555555556
0.0
0.0668611169985
2.76939055603
2.81721519315
-0.0630070595797
1.0
20
3.88888888889
0.555555555556
0.0
0.0725117889331
2.75622814943
2.81721519315
-0.0662483062949
1.0
20
5.0
0.555555555556
0.0
0.0781351921494
2.74300536566
2.81721519315
-0.0692337069666
1.0
20
-5.0
1.66666666667
0.0
0.125989939505
-2.713890852
2.83120881569
-0.628673427443
1.0
20
-3.88888888889
1.66666666667
0.0
0.114831664094
-2.73699126387
2.83120881569
-0.525480183183
1.0
20
-2.77777777778
1.66666666667
0.0
0.10363020519
-2.75808627775
2.83120881569
-0.421858394552
1.0
20
-1.66666666667
1.66666666667
0.0
0.0923897752044
-2.77716796066
2.83120881569
-0.317847029467
1.0
20
-0.555555555556
1.66666666667
0.0
0.0811146012028
-2.79422913676
2.83120881569
-0.213485202348
1.0
20
0.555555555556
1.66666666667
0.0
0.0739884620858
2.79447317437
2.83120881569
-0.163149225338
1.0
20
1.66666666667
1.66666666667
0.0
0.0710140377029
2.77936416153
2.83120881569
-0.166858027741
1.0
20
2.77777777778
1.66666666667
0.0
0.0680129078448
2.76418607102
2.83120881569
-0.170273148898
1.0
20
3.88888888889
1.66666666667
0.0
0.0724920428504
2.74894461068
2.83120881569
-0.173393304523
1.0
20
5.0
1.66666666667
0.0
0.0781154758087
2.73364551222
2.83120881569
-0.176217321253
1.0
20
-5.0
2.77777777778
0.0
0.141120348659
-2.70455640864
2.84728228623
-0.735366603258
1.0
20
-3.88888888889
2.77777777778
0.0
0.129984897351
-2.72972749844
2.84728228623
-0.632334304816
1.0
20
-2.77777777778
2.77777777778
0.0
0.11880056404
-2.75289592184
2.84728228623
-0.528833278539
1.0
20
-1.66666666667
2.77777777778
0.0
0.107571554694
-2.77405296615
2.84728228623
-0.424902446927
1.0
20
-0.555555555556
2.77777777778
0.0
0.096302092087
-2.79319067508
2.84728228623
-0.320580894118
1.0
20
0.555555555556
2.77777777778
0.0
0.08917595297
2.79343471269
2.84728228623
-0.270244917109
1.0
20
1.66666666667
2.77777777778
0.0
0.0861958171929
2.77624916703
2.84728228623
-0.273913445202
1.0
20
2.77777777778
2.77777777778
0.0
0.0831832666942
2.75899571511
2.84728228623
-0.277248032885
1.0
20
3.88888888889
2.77777777778
0.0
0.0801394343708
2.74168084525
2.84728228623
-0.280247426157
1.0
20
5.0
2.77777777778
0.0
0.0780760505417
2.72431106886
2.84728228623
-0.282910497068
1.0
20
-5.0
3.88888888889
0.0
0.15621679646
-2.69525088566
2.86542956021
-0.841729217663
1.0
20
-3.88888888889
3.88888888889
0.0
0.145104118025
-2.72248623791
2.86542956021
-0.73885736639
1.0
20
-2.77777777778
3.88888888889
0.0
0.133936871866
-2.74772164691
2.86542956021
-0.635476728314
1.0
20
-1.66666666667
3.88888888889
0.0
0.122719257527
-2.77094762266
2.86542956021
-0.531626180664
1.0
20
-0.555555555556
3.88888888889
0.0
0.111455493494
-2.79215543081
2.86542956021
-0.427344777385
1.0
20
0.555555555556
3.88888888889
0.0
0.104329354377
2.79239946843
2.86542956021
-0.377008800376
1.0
20
1.66666666667
3.88888888889
0.0
0.101343520026
2.77314382353
2.86542956021
-0.380637178939
1.0
20
2.77777777778
3.88888888889
0.0
0.098319574521
2.75382144018
2.86542956021
-0.38389148266
1.0
20
3.88888888889
3.88888888889
0.0
0.0952586550452
2.73443958472
2.86542956021
-0.386770487731
1.0
20
5.0
3.88888888889
0.0
0.092161912685
2.71500554588
2.86542956021
-0.389273111473
1.0
20
-5.0
5.0
0.0
0.171273605752
-2.68597778248
2.88564381317
-0.947721272027
1.0
20
-3.88888888889
5.0
0.0
0.160183640396
-2.71527020544
2.88564381317
-0.845009308937
1.0
20
-2.77777777778
5.0
0.0
0.149033436524
-2.7425653988
2.88564381317
-0.741748639638
1.0
20
-1.66666666667
5.0
0.0
0.137827187271
-2.76785309797
2.88564381317
-0.637978096246
1.0
20
-0.555555555556
5.0
0.0
0.12656910685
-2.79112379326
2.88564381317
-0.533736702619
1.0
20
0.555555555556
5.0
0.0
0.119442967733
2.79136783088
2.88564381317
-0.48340072561
1.0
20
1.66666666667
5.0
0.0
0.11645144977
2.77004929884
2.88564381317
-0.486989094521
1.0
20
2.77777777778
5.0
0.0
0.113416139179
2.74866519207
2.88564381317
-0.490163393984
1.0
20
3.88888888889
5.0
0.0
0.110338177416
2.72722355225
2.88564381317
-0.492922430277
1.0
20
5.0
5.0
0.0
0.107218721977
2.7057324427
2.88564381317
-0.495265165838
1.0
20
