# Table format: 0D
10
10
1
-5.0
-5.0
0.0
0.078780706323
5.73984945303
-17.7728884646
0.167818200386
1.0
20
-3.88888888889
-5.0
0.0
0.0731142235782
5.72685021886
-17.7728884646
0.217580634882
1.0
20
-2.77777777778
-5.0
0.0
0.067420245564
5.7148183888
-17.7728884646
0.267585785033
1.0
20
-1.66666666667
-5.0
0.0
0.0617009135528
5.70375848753
-17.7728884646
0.317814845946
1.0
20
-0.555555555556
-5.0
0.0
0.0559583783513
5.69367467424
-17.7728884646
0.368248928526
1.0
20
0.555555555556
-5.0
0.0
0.0522845688767
8.27044917707
-17.7728884646
0.393794895898
1.0
20
1.66666666667
-5.0
0.0
0.0506808666985
8.26135610444
-17.7728884646
0.394443141267
1.0
20
2.77777777778
-5.0
0.0
0.0490581055189
8.25227731191
-17.7728884646
0.395267591535
1.0
20
3.88888888889
-5.0
0.0
0.0474168955923
8.24321621366
-17.7728884646
0.39626793666
1.0
20
5.0
-5.0
0.0
0.0457578541104
8.23417621718
-17.7728884646
0.397443800453
1.0
20
-5.0
-3.88888888889
0.0
0.0714254261766
5.73538802393
-17.764280463
0.218812568407
1.0
20
-3.88888888889
-3.88888888889
0.0
0.0657478480494
5.72337847734
-17.764280463
0.268651927507
1.0
20
-2.77777777778
-3.88888888889
0.0
0.0600455448455
5.71233764045
-17.764280463
0.318714796437
1.0
20
-1.66666666667
-3.88888888889
0.0
0.0543206609678
5.70226966526
-17.764280463
0.3689823486
1.0
20
-0.555555555556
-3.88888888889
0.0
0.048575349311
5.69317833794
-17.764280463
0.419435680424
1.0
20
0.555555555556
-3.88888888889
0.0
0.0449015398364
8.27094551338
-17.764280463
0.444981647796
1.0
20
1.66666666667
-3.88888888889
0.0
0.0433006141135
8.26284492671
-17.764280463
0.445610643921
1.0
20
2.77777777778
-3.88888888889
0.0
0.0416834048004
8.25475806026
-17.764280463
0.44639660294
1.0
20
3.88888888889
-3.88888888889
0.0
0.0400505200635
8.24668795517
-17.764280463
0.447339229285
1.0
20
5.0
-3.88888888889
0.0
0.038402573964
8.23863764629
-17.764280463
0.448438168475
1.0
20
-5.0
-2.77777777778
0.0
0.0640530271347
5.73091288561
-17.756666706
0.269963633411
1.0
20
-3.88888888889
-2.77777777778
0.0
0.0583643278014
5.71989606776
-17.756666706
0.319880153491
1.0
20
-2.77777777778
-2.77777777778
0.0
0.0526536800313
5.70984926919
-17.756666706
0.370000918561
1.0
20
-1.66666666667
-2.77777777778
0.0
0.0469232313656
5.7007762681
-17.756666706
0.420307080249
1.0
20
-0.555555555556
-2.77777777778
0.0
0.0411751367916
5.69268047647
-17.756666706
0.470779720467
1.0
20
0.555555555556
-2.77777777778
0.0
0.037501327317
8.27144337484
-17.756666706
0.496325687839
1.0
20
1.66666666667
-2.77777777778
0.0
0.0359031845113
8.26433832387
-17.756666706
0.49693537557
1.0
20
2.77777777778
-2.77777777778
0.0
0.0342915399863
8.25724643152
-17.756666706
0.497682725063
1.0
20
3.88888888889
-2.77777777778
0.0
0.0326669998155
8.25017036476
-17.756666706
0.498567455269
1.0
20
5.0
-2.77777777778
0.0
0.0315009903932
8.2431127846
-17.756666706
0.499589233479
1.0
20
-5.0
-1.66666666667
0.0
0.0566662816549
5.72642572101
-17.7500500567
0.321252159574
1.0
20
-3.88888888889
-1.66666666667
0.0
0.0509664394741
5.71640429969
-17.7500500567
0.371246047993
1.0
20
-2.77777777778
-1.66666666667
0.0
0.0452474308997
5.70735421078
-17.7500500567
0.421424864789
1.0
20
-1.66666666667
-1.66666666667
0.0
0.0395114066171
5.69927885764
-17.7500500567
0.471769739762
1.0
20
-0.555555555556
-1.66666666667
0.0
0.0337605237103
5.69218127708
-17.7500500567
0.522261740262
1.0
20
0.555555555556
-1.66666666667
0.0
0.0300867142357
8.27194257424
-17.7500500567
0.547807707633
1.0
20
1.66666666667
-1.66666666667
0.0
0.0284913597628
8.26583573433
-17.7500500567
0.548398035083
1.0
20
2.77777777778
-1.66666666667
0.0
0.0268852908547
8.25974148993
-17.7500500567
0.549106671292
1.0
20
3.88888888889
-1.66666666667
0.0
0.0289139723002
8.25366213282
-17.7500500567
0.549933349771
1.0
20
5.0
-1.66666666667
0.0
0.0315157748683
8.24759994921
-17.7500500567
0.550877759641
1.0
20
-5.0
-0.555555555556
0.0
0.0492679675903
5.72192821754
-17.7444330034
0.372658859378
1.0
20
-3.88888888889
-0.555555555556
0.0
0.0435569651107
5.71290448627
-17.7444330034
0.422730294401
1.0
20
-2.77777777778
-0.555555555556
0.0
0.037829582638
5.70485340353
-17.7444330034
0.47296729668
1.0
20
-1.66666666667
-0.555555555556
0.0
0.0320879740063
5.69777799701
-17.7444330034
0.523350974136
1.0
20
-0.555555555556
-0.555555555556
0.0
0.0263342983999
5.69168092748
-17.7444330034
0.573862379526
1.0
20
0.555555555556
-0.555555555556
0.0
0.0226604889253
8.27244292384
-17.7444330034
0.599408346897
1.0
20
1.66666666667
-0.555555555556
0.0
0.0236861483275
8.26733659497
-17.7444330034
0.599979269457
1.0
20
2.77777777778
-0.555555555556
0.0
0.0263087095192
8.26224229718
-17.7444330034
0.600649103183
1.0
20
3.88888888889
-0.555555555556
0.0
0.0289213770812
8.25716194625
-17.7444330034
0.601417596179
1.0
20
5.0
-0.555555555556
0.0
0.0315231684961
8.25209745267
-17.7444330034
0.602284459446
1.0
20
-5.0
0.555555555556
0.0
0.0418608671441
5.71742206655
-17.7398176584
0.424164400867
1.0
20
-3.88888888889
0.555555555556
0.0
0.0361386911117
5.70939794361
-17.7398176584
0.474313531594
1.0
20
-2.77777777778
0.555555555556
0.0
0.0304029247955
5.70234778787
-17.7398176584
0.524608831233
1.0
20
-1.66666666667
0.555555555556
0.0
0.0246557251827
5.69627425061
-17.7398176584
0.575031385778
1.0
20
-0.555555555556
0.555555555556
0.0
0.0210546797442
5.69117961584
-17.7398176584
0.625562233369
1.0
20
0.555555555556
0.555555555556
0.0
0.0210546797442
8.27294423548
-17.7398176584
0.651108200741
1.0
20
1.66666666667
0.555555555556
0.0
0.0236861483275
8.26884034136
-17.7398176584
0.651659681099
1.0
20
2.77777777778
0.555555555556
0.0
0.0263087095192
8.26474791284
-17.7398176584
0.652290637736
1.0
20
3.88888888889
0.555555555556
0.0
0.0290662392713
11.3285457583
-25.0271510613
0.65024845176
1.0
20
5.0
0.555555555556
0.0
0.0347990679724
11.3238506491
-25.0271510613
0.591547910886
1.0
20
-5.0
1.66666666667
0.0
0.0344477658239
5.71290896262
-17.7362057573
0.475749414913
1.0
20
-3.88888888889
1.66666666667
0.0
0.0289139723002
5.70588599039
-17.7362057573
0.525976361228
1.0
20
-2.77777777778
1.66666666667
0.0
0.0263012963696
5.69983830607
-17.7362057573
0.576330048179
1.0
20
-1.66666666667
1.66666666667
0.0
0.0236787295971
5.69476818395
-17.7362057573
0.626791539801
1.0
20
-0.555555555556
1.66666666667
0.0
0.0210472582228
5.69067753068
-17.7362057573
0.677341859591
1.0
20
0.555555555556
1.66666666667
0.0
0.0210472582228
8.27344632064
-17.7362057573
0.702887826963
1.0
20
1.66666666667
1.66666666667
0.0
0.0249988422366
11.3319120961
-25.0261504117
0.678337694972
1.0
20
2.77777777778
1.66666666667
0.0
0.0307457837362
11.3277610418
-25.0261504117
0.619566594716
1.0
20
3.88888888889
1.66666666667
0.0
0.036481163004
11.3224711181
-25.0261504117
0.560887039634
1.0
20
5.0
1.66666666667
0.0
0.0422028231984
11.3160443144
-25.0261504117
0.502321096708
1.0
20
-5.0
2.77777777778
0.0
0.0315009903932
5.70839060293
-17.7335986586
0.5273945025
1.0
20
-3.88888888889
2.77777777778
0.0
0.0288991655228
5.70236994731
-17.7335986586
0.577699355025
1.0
20
-2.77777777778
2.77777777778
0.0
0.0262864728582
5.69732590185
-17.7335986586
0.628111497282
1.0
20
-1.66666666667
2.77777777778
0.0
0.0236638949262
5.69326036339
-17.7335986586
0.678611971325
1.0
20
-0.555555555556
2.77777777778
0.0
0.0229942246255
9.8287308245
-25.0234131144
0.691907459558
1.0
20
0.555555555556
2.77777777778
0.0
0.0266680341001
11.3340546127
-25.0234131144
0.647651046912
1.0
20
1.66666666667
2.77777777778
0.0
0.0324215842021
11.3293081005
-25.0234131144
0.588844170403
1.0
20
2.77777777778
2.77777777778
0.0
0.0381629418723
11.3234221372
-25.0234131144
0.530140392517
1.0
20
3.88888888889
2.77777777778
0.0
0.0438899480208
11.3163989362
-25.0234131144
0.471561789343
1.0
20
5.0
2.77777777778
0.0
0.0496004489548
11.3082411386
-25.0234131144
0.413130389898
1.0
20
-5.0
3.88888888889
0.0
0.0314788206306
5.70386868665
-17.7319973425
0.579080242025
1.0
20
-3.88888888889
3.88888888889
0.0
0.0288769623173
5.69885113662
-17.7319973425
0.629463062083
1.0
20
-2.77777777778
3.88888888889
0.0
0.0272090250198
9.83855031712
-25.0189401987
0.661982876913
1.0
20
-1.66666666667
3.88888888889
0.0
0.0288153376434
9.83436291725
-25.0189401987
0.632173125558
1.0
20
-0.555555555556
3.88888888889
0.0
0.030410813997
9.82959825396
-25.0189401987
0.602450178577
1.0
20
0.555555555556
3.88888888889
0.0
0.0340846234716
11.3331871832
-25.0189401987
0.558193765931
1.0
20
1.66666666667
3.88888888889
0.0
0.0398353844977
11.3267061384
-25.0189401987
0.499420530647
1.0
20
2.77777777778
3.88888888889
0.0
0.0455711650649
11.3190866208
-25.0189401987
0.440784022559
1.0
20
3.88888888889
3.88888888889
0.0
0.0512898081805
11.310331496
-25.0189401987
0.38230629246
1.0
20
5.0
3.88888888889
0.0
0.056989163297
11.3004440563
-25.0189401987
0.324009331432
1.0
20
-5.0
5.0
0.0
0.0314492739176
5.6993449143
-17.7314024112
0.630787196594
1.0
20
-3.88888888889
5.0
0.0
0.0329806327126
9.84821929562
-25.0127333466
0.602716044282
1.0
20
-2.77777777778
5.0
0.0
0.0346055273391
9.84288081489
-25.0127333466
0.572729942472
1.0
20
-1.66666666667
5.0
0.0
0.036217408242
9.83696186749
-25.0127333466
0.542852999188
1.0
20
-0.555555555556
5.0
0.0
0.0378156692588
9.83046467931
-25.0127333466
0.513096449924
1.0
20
0.555555555556
5.0
0.0
0.0414894787334
11.3323207579
-25.0127333466
0.468840037278
1.0
20
1.66666666667
5.0
0.0
0.0472374550963
11.3241071881
-25.0127333466
0.410100404277
1.0
20
2.77777777778
5.0
0.0
0.0529676673841
11.3147561231
-25.0127333466
0.351531088118
1.0
20
3.88888888889
5.0
0.0
0.0586779606985
11.3042710792
-25.0127333466
0.293154114327
1.0
20
5.0
5.0
0.0
0.0643661876317
11.2926559997
-25.0127333466
0.234991436096
1.0
20
